"flat";"down";"up"
"0.16";4;2;2
"0.41";4;2;2
"0.48";4;2;2
"0.55";4;4;2
"000";10;16;22
"002";6;2;2
"1.02";4;2;6
"1.04";4;2;2
"1.07";3;2;2
"1.32";4;4;2
"1.5";4;2;7
"10";24;56;87
"10.06";3;2;2
"10.4";3;2;3
"10.8";4;2;2
"100";7;7;13
"10002.58";4;4;2
"1001";4;2;2
"11";7;20;25
"1166";4;2;2
"119";4;2;4
"12";5;43;34
"12.43";4;2;2
"12.56";4;4;2
"122";3;2;3
"124";3;5;4
"13";6;15;11
"13.8";3;2;3
"1324";4;2;2
"1393";6;2;2
"14";8;16;24
"15";16;32;32
"150";9;3;9
"1560";3;2;2
"16";7;36;48
"160";4;3;10
"17";6;14;11
"18";3;9;12
"18.79";4;2;2
"19";3;8;9
"2.5";4;3;5
"2.52";3;2;2
"20";9;15;15
"200";7;24;21
"2000";3;8;4
"2007";3;2;8
"2013";6;14;7
"2014";12;13;20
"2015";10;21;15
"2016";5;8;5
"2040";3;3;2
"2070";3;3;2
"2125.05";3;2;3
"22";3;5;20
"23";7;7;6
"2303";3;8;16
"2311";4;10;18
"2317";15;13;17
"2330";58;170;202
"2379";3;6;3
"2395";4;2;2
"24";6;6;7
"24.96";4;2;2
"2409";3;4;11
"2449";4;2;2
"2454";10;16;22
"2474";6;4;4
"25";6;15;13
"25.7";4;2;2
"2592.93";4;2;4
"26";6;21;12
"27";17;15;6
"28";4;20;10
"28.99";4;2;2
"2880";4;2;2
"2888";5;2;2
"29";6;13;10
"29.66";4;2;2
"2912";4;2;4
"3.1";4;5;2
"3.27";4;2;2
"3.4";3;2;4
"3.8";3;5;5
"3.82";4;2;2
"3.88";4;2;2
"30";6;13;21
"300";4;17;17
"3008";6;25;33
"31";3;17;5
"321";4;2;2
"3264";4;4;2
"3289";3;2;2
"33.2";6;2;2
"3374";6;12;9
"3474";6;4;2
"3532";3;3;4
"3587";3;2;2
"36";3;2;5
"3658";5;9;23
"376.5";3;2;2
"4.38";4;2;2
"4.5";4;5;14
"4.9";3;5;2
"400";3;9;9
"41";3;2;3
"410";3;2;2
"42";6;4;7
"450";4;5;2
"460";3;2;2
"47";3;3;2
"4736";3;2;2
"478";3;2;2
"4938";4;7;3
"497";3;2;2
"5.25";3;2;2
"5.48";3;2;2
"500";17;17;24
"503";4;3;2
"51.6";4;2;2
"52.8";4;2;2
"54.2";4;2;2
"5443";3;2;2
"59.84";4;2;2
"593";4;4;2
"6.04";3;2;2
"600";14;25;17
"6257";4;2;3
"63";3;2;2
"645.14";3;2;3
"665";4;2;3
"673";3;2;2
"69.52";4;4;2
"697.45";3;2;2
"699";3;2;2
"7.5";4;3;3
"700";5;2;7
"72.41";6;2;2
"736";3;2;2
"74.23";6;2;2
"761.31";4;2;2
"775";4;2;2
"794";3;2;2
"800";3;12;7
"8044";3;2;2
"8056";4;2;2
"8150";4;2;2
"820";3;2;5
"822";4;2;2
"823.81";3;2;2
"843";3;2;2
"8445";3;2;3
"8457.4";3;2;2
"8544";3;2;2
"860";3;2;2
"9.4";3;2;2
"9.53";4;2;2
"90";3;2;2
"9056";3;2;2
"91";4;2;2
"91.06";3;2;2
"92";8;2;4
"9450";4;2;2
"9500";6;13;6
"9503";4;2;2
"9529.51";4;2;2
"9533.38";4;2;2
"9596.24";4;2;2
"9673";3;2;2
"9683";3;2;2
"973";4;2;2
"9973.12";4;2;2
"9998.08";4;2;2
"A10";3;6;3
"A8";6;2;6
"ADR";4;9;10
"Air";4;2;2
"Alcoa";4;2;2
"Altera";6;2;4
"Apple";7;9;7
"BBR";3;2;2
"Bill";4;2;3
"CEA";3;2;2
"ECB";4;10;7
"Fab15";4;2;2
"FDX";3;2;2
"Fed";9;12;10
"FOMC";3;3;3
"Forbes";3;2;2
"FPGA";4;4;2
"Genentech";4;2;2
"GF";3;2;2
"Gilead";4;2;2
"Global";3;2;2
"Holdings";3;2;2
"IC";11;33;23
"index";3;2;2
"iPad";4;3;3
"iPhone";5;10;19
"JD";3;2;2
"K2K";4;2;2
"KD";3;3;4
"Kos";4;2;2
"LED";3;6;2
"LTE";4;2;2
"Macbook";4;2;2
"Materials";4;3;2
"MSCI";7;15;16
"MWC";8;2;5
"NXP";3;2;2
"patient";3;2;2
"PCB";4;4;4
"QE";4;12;15
"QE3";4;2;2
"S6";4;2;4
"semi";3;2;3
"SEMI";4;4;14
"SMIC";3;2;2
"Snapdragon";3;3;5
"SoFIA";6;2;2
"TWSESCI";3;2;3
"Type";3;4;3
"United";3;2;2
"USB";3;4;2
"Watch";6;4;4
"阿爾特";4;2;2
"八點";3;2;2
"八三";3;2;2
"巴克萊";3;6;4
"半邊天";4;2;2
"半導體";36;82;90
"半導體技術";3;2;2
"半導體業";4;6;6
"保戶";3;2;2
"保留盈餘";4;2;2
"保衛戰";4;7;4
"報酬";3;2;3
"報告";3;22;24
"北美";4;4;5
"備受";4;3;2
"備受矚目";4;2;2
"備太多";3;2;2
"備戰";4;2;2
"本波";4;2;2
"本業";3;2;2
"辨識";4;3;4
"表現";4;19;19
"併購";4;3;4
"並未";4;6;3
"並無太大";4;2;2
"並以";3;3;8
"不變";3;7;10
"不錯";4;4;3
"不淡";3;8;9
"不夠";4;2;2
"不過";20;40;59
"不會";3;8;9
"不落人後";3;4;2
"不輕";4;2;3
"不確定性";5;2;4
"不容樂觀";4;2;2
"不少台";4;2;2
"不約而同";4;2;3
"不漲";3;2;4
"財產";3;2;2
"參與";3;13;7
"操盤";3;2;2
"策略性";4;2;2
"曾銘宗";4;2;4
"產業";6;12;13
"常會";3;2;2
"廠商";4;9;8
"撐住";4;2;2
"成長";5;18;22
"成交量";4;9;10
"成康";4;2;3
"成為";7;14;15
"呈現";6;31;22
"吃緊";3;4;2
"持續";5;15;19
"充電";4;5;2
"充滿";4;2;2
"出貨";5;10;23
"出來";4;2;2
"出籠";4;7;4
"出爐";7;5;15
"出現";14;49;51
"除息";3;2;2
"傳產";4;5;6
"傳出";6;12;15
"傳台";3;2;2
"傳聞";4;2;3
"傳言";4;4;5
"創辦人";4;2;5
"創高";4;4;6
"創下";11;19;22
"創新";8;11;20
"創新力";4;2;2
"創業";4;2;2
"創意";4;8;2
"春節";4;2;4
"純益";3;11;6
"慈昨";4;2;2
"促使";4;2;2
"達克";6;2;2
"大寶";4;20;10
"大廠";12;26;11
"大關";7;24;17
"大戶";4;4;5
"大會";4;3;2
"大立";3;3;6
"大立光";6;8;24
"大陸";5;15;20
"大盤";11;57;50
"大企";4;2;2
"大勢所趨";3;2;2
"大受歡迎";3;2;2
"大於";4;2;7
"大戰";4;2;2
"大漲";6;24;54
"代工";3;7;7
"代工廠";5;9;10
"代價";4;2;2
"帶動";8;16;28
"帶來";6;7;2
"單筆";4;2;2
"單月";4;2;3
"但多空";3;2;2
"倒數";4;6;3
"導致";3;14;9
"德股";6;2;2
"德國";3;3;2
"登場";4;4;2
"等功";4;2;2
"低標";3;2;2
"低點";6;11;15
"低功耗";3;2;2
"低於";5;11;5
"電子";5;6;11
"訂單";9;6;5
"丟回";3;2;2
"董監";4;2;2
"董監事";4;2;2
"董事長";3;5;7
"動盪";3;5;12
"動能";5;10;18
"動態";3;2;3
"動向";4;5;6
"動作";5;8;8
"獨角獸";3;2;2
"堆高";4;2;2
"對比";6;2;2
"對決";3;2;3
"對台";3;5;4
"對於";5;13;5
"多單";4;4;8
"多獲";4;2;2
"多數";5;9;6
"多頭";16;25;25
"恩智浦";3;2;2
"二檔";4;4;2
"二天";4;2;2
"二線";4;4;4
"二項";3;2;2
"發酵";3;2;2
"廢除";3;4;3
"法人";6;4;13
"法說";3;18;13
"反彈";12;28;47
"反應";3;5;11
"反轉";3;2;4
"方德";3;4;2
"分別";12;10;9
"分大單";4;2;2
"分數";4;2;2
"分析師";14;44;63
"封關";9;2;11
"符合";4;3;2
"復華";4;2;4
"復活";3;2;2
"復甦";3;6;5
"富邦";3;2;6
"富比";3;2;2
"改寫";6;2;3
"改選";4;3;2
"干擾";3;3;4
"高點";4;5;6
"格羅";3;4;2
"各廠";4;2;2
"各類";3;4;4
"各項";3;2;2
"個股";11;34;34
"根據";4;3;4
"工業用水";4;2;2
"公布";4;4;2
"公噸";4;3;3
"公股";3;4;9
"公開市場";3;3;3
"公司債";3;4;3
"公證";3;2;2
"供電";3;2;2
"供應";3;3;4
"供應鏈";8;12;37
"股本";4;2;2
"股東會";6;3;4
"股價";7;18;31
"股民";3;2;2
"股市";3;2;7
"股息";4;4;5
"固態";3;2;2
"固樁";4;2;2
"僱用";4;2;2
"光將";3;2;2
"光學";4;2;4
"規模";3;2;3
"郭台銘";3;2;2
"國安";5;6;10
"國發";6;3;2
"國會";3;3;2
"國際";25;44;40
"國際金融";3;3;3
"國家";3;4;5
"國巨";4;2;2
"國聯";6;13;7
"國民黨";3;2;3
"國內";7;9;19
"國內法";3;2;3
"國泰";10;13;17
"過年";3;2;2
"行動";4;4;2
"合併";4;14;16
"合計";4;4;6
"合約";3;16;12
"合作";4;2;2
"何時";4;2;3
"和後段";4;2;2
"鴻海";7;2;4
"後市";4;9;9
"呼籲";3;2;3
"互補";3;3;2
"互異";4;2;2
"華電";4;2;2
"回補";4;5;8
"回測";6;21;9
"回檔";6;14;7
"回歸";3;2;3
"回來";4;2;2
"回穩";4;3;12
"回應";4;4;4
"匯兌";4;2;3
"匯入";3;4;3
"匯市";3;6;8
"會後";3;4;2
"夥伴";4;3;8
"獲利";7;14;10
"基礎";4;2;2
"基金";3;6;9
"基金會";3;2;3
"機會";5;7;3
"積電";4;7;6
"及美股";4;2;2
"即將";8;14;17
"急攻";4;2;2
"急起直追";5;2;3
"集團";4;4;7
"技嘉";4;2;2
"技術";9;12;8
"技術指標";3;2;2
"季財報";10;10;8
"季財測";4;4;3
"季間";4;2;2
"季節";4;2;2
"季線";9;14;11
"季營";3;5;5
"季營收";4;7;3
"季至";4;3;2
"記憶體";4;4;2
"加劇";4;3;4
"加碼";4;13;20
"加權指數";8;35;41
"加溫";4;2;7
"加徵";4;2;2
"價差";5;27;21
"價格";4;12;5
"價量";4;4;4
"價位";4;3;4
"減緩";4;2;2
"檢測";3;2;2
"將呈";4;2;2
"將待";3;2;2
"將繼";4;2;2
"將球";3;2;2
"將是";4;2;10
"將台";5;4;3
"將以";4;2;4
"將有";4;5;2
"將在";4;6;3
"交叉";3;2;2
"交期";3;5;2
"接班";3;2;2
"接班人";3;2;2
"接續";4;2;2
"揭曉";4;2;2
"結算";5;10;10
"解決方案";3;2;2
"解盲";4;2;2
"解析度";4;2;2
"介紹";4;2;2
"今摩台";4;2;2
"今日";6;5;5
"今天";4;6;7
"今早";8;26;26
"金額";3;5;3
"金管會";4;2;6
"金融股";3;2;6
"僅聯";3;3;2
"僅台";3;2;3
"京元電";4;2;2
"晶片";11;10;9
"晶圓";3;7;5
"經濟";10;5;7
"景氣";5;11;12
"就業";4;8;4
"劇烈";3;3;2
"據統計";3;2;2
"捐出";3;2;2
"決定";3;2;2
"均豪";3;2;2
"均華";3;2;2
"卡位";5;3;5
"開出";4;5;7
"開盤";4;2;6
"凱基";6;12;3
"看好";3;5;4
"可成";4;3;3
"可達";4;4;2
"可選台";4;2;2
"可轉債";3;2;2
"客戶";5;14;9
"控管";4;3;3
"叩關";4;3;6
"庫存";4;4;11
"寬度";3;2;2
"寬鬆";10;11;2
"困案";3;2;2
"拉動";4;2;2
"來到";15;46;40
"來看";7;8;9
"來期";4;2;2
"來自";4;2;6
"冷凍";4;2;2
"禮物";3;2;2
"力駁";4;2;2
"力守";4;9;7
"立法院";4;2;2
"歷年";4;2;2
"聯電";4;4;9
"聯發科";3;4;5
"聯網";3;7;6
"兩大";8;5;11
"兩天";3;5;7
"兩月營";3;2;2
"量產";4;2;2
"列車";4;4;4
"流動性";4;2;2
"龍頭";4;4;2
"陸續";4;2;2
"亂流";3;2;2
"呂穎彰";4;2;2
"買進";3;3;2
"賣壓";4;4;3
"沒有";4;3;3
"媒體";4;2;4
"每股";3;7;4
"每位";3;2;2
"美股";4;8;11
"美國";5;12;2
"民進黨";3;2;2
"名衝";4;2;2
"名單";4;4;4
"摩台期";4;2;4
"拿下";4;2;2
"那斯";6;2;2
"奈米";5;22;10
"南僑";4;2;2
"內部";4;3;2
"內資";3;10;4
"年來";6;2;5
"年輕人";4;3;2
"年終";3;3;3
"廿五";3;2;2
"牛仔褲";3;2;2
"歐美";3;2;6
"歐台期";4;4;8
"歐系";5;4;4
"歐洲";4;2;4
"排名";4;2;4
"判斷";4;2;5
"培養";4;2;2
"噴嚏";4;2;2
"平倉";3;7;11
"平盤";4;11;10
"屏息以待";4;6;2
"評鑑";6;4;5
"蘋果";6;14;16
"七千萬";3;2;2
"期間";4;4;3
"其趣";4;2;2
"其餘";4;6;3
"企圖";5;3;4
"企業";14;29;41
"啟動";6;6;11
"汽車";3;3;3
"千點";3;2;3
"千億美元";3;2;2
"前波";3;6;5
"前高";3;2;3
"前即";3;2;2
"前拉出";4;2;2
"前緣";4;2;2
"錢冠州";4;3;4
"強調";5;2;5
"強勢";6;10;12
"強心針";3;4;2
"清明節";4;2;2
"傾向";6;2;2
"情況";5;7;3
"情怯";4;5;2
"區間";3;8;6
"全年";3;3;4
"全球";3;4;4
"全數";8;17;14
"權值";6;11;8
"權重";4;4;2
"卻是";3;4;2
"確定";3;2;2
"熱錢";4;4;2
"人才";4;2;3
"人臉";4;4;4
"仍未明";4;2;2
"日島";3;2;2
"日刊";4;2;2
"融券";4;3;4
"如聯";3;2;2
"如興";3;2;2
"如中";3;2;2
"三大";10;23;17
"三家";4;2;2
"三星";3;7;4
"商機";5;10;7
"上調";4;2;6
"上法";3;2;2
"上櫃";12;27;27
"上市";3;4;4
"上似";4;2;2
"上探";3;4;4
"上漲";29;53;96
"上陣";4;2;2
"上證指數";4;10;6
"上周";4;8;9
"捎來";4;2;2
"設備";5;9;12
"設計";3;9;5
"升溫";4;2;4
"升息";3;3;3
"生技";4;3;3
"聲明";3;2;2
"勝敗";4;2;2
"施羅德";3;2;2
"師從";4;2;2
"十檔";5;8;2
"時機";4;2;2
"實力";5;3;7
"市場";34;82;75
"市場需求";3;5;2
"市況";4;4;6
"市占率";3;2;3
"市值";6;3;7
"收購";3;2;4
"收紅";4;5;2
"收盤";4;2;3
"收月增";4;2;2
"手機";7;6;11
"首季";6;5;2
"首屆";4;2;2
"受惠";3;5;2
"受惠者";3;2;2
"屬於";4;2;2
"稅制";3;2;2
"四大";4;2;2
"四個";4;5;6
"四三兆元";3;2;2
"伺機";4;3;5
"隨著";3;2;2
"他說";3;2;2
"台幣";3;11;9
"台廠";4;2;4
"台股";70;235;285
"台積";12;46;72
"台積電";39;159;178
"台灣";19;34;40
"台灣浩鼎";4;2;2
"太陽能";4;5;2
"題材";4;4;3
"挑戰";4;3;7
"條件";4;2;3
"通路";3;2;2
"同力說";3;2;2
"同時";3;12;7
"統計";4;3;3
"投顧";4;2;9
"投資";8;4;21
"投資人";6;32;21
"凸顯";6;4;2
"推估";5;5;11
"外資";33;121;139
"完整";3;2;2
"萬點";6;9;4
"萬元";3;2;2
"旺季";4;5;2
"危機";3;4;6
"圍繞";4;4;2
"尾盤";4;12;8
"尾聲";4;2;3
"未來";7;2;3
"問及";3;2;2
"問題";3;6;7
"吳當傑昨";3;2;2
"吳明蕙";4;2;2
"五大";4;3;2
"五到";4;2;2
"五個";4;9;9
"吸睛";4;2;2
"吸引外資";4;2;2
"希臘";6;4;15
"下半年";4;5;3
"下單";3;5;4
"下檔";3;4;3
"下滑";5;2;2
"下來";3;2;2
"下修";3;11;12
"下以";4;2;2
"先鋒";4;6;3
"限水";4;2;2
"現貨";4;26;21
"現金";4;4;7
"現在";4;2;2
"相關";3;3;3
"消費者";3;2;2
"小時";3;3;4
"小漲";4;5;9
"小資";3;2;2
"效應";6;2;4
"協會";3;5;5
"協理";4;8;11
"協商";4;2;3
"協助";4;2;3
"新高";4;9;12
"新機";3;2;3
"新機種";3;2;2
"新興";4;6;3
"新猷";4;2;2
"薪資";4;2;2
"性商";3;2;2
"興櫃";3;4;2
"修台";4;2;3
"宣告";3;2;2
"選擇權";3;4;8
"學苑";4;2;2
"壓回";4;6;3
"壓力";7;22;14
"壓盤";4;4;2
"壓縮";3;4;3
"亞股";8;58;42
"亞科";4;10;8
"亞投行";5;2;2
"亞洲";7;31;18
"亞洲盃";4;2;2
"延到";4;2;2
"嚴重";3;2;6
"羊年";8;2;6
"要角";3;7;6
"藥廠";4;2;2
"也將";8;2;7
"業外";3;2;2
"一筆";4;2;4
"一場";3;2;2
"一大筆";3;2;2
"一帶";4;2;2
"一個";8;8;7
"一舉";6;7;16
"一盤";4;4;5
"一線";5;4;3
"一項";4;2;2
"一樣";4;2;3
"一隻";3;2;2
"依舊";4;6;8
"依序是";3;2;2
"移除";4;2;2
"已經";4;3;4
"已落";3;2;2
"以來";11;32;35
"以台積";4;2;2
"挹注";3;4;5
"億美元";5;17;18
"億元";25;91;93
"因陸";3;2;2
"因為";6;15;11
"引導";4;2;2
"英特爾";8;4;6
"營收";5;28;35
"營運";3;4;8
"影響";4;24;16
"擁有";3;2;2
"優良";4;2;2
"優於";7;15;17
"由於";3;3;3
"友達";5;8;12
"有別";4;2;2
"預料";4;2;2
"預期";8;13;7
"月光";4;7;8
"樂觀";5;3;3
"樂活";3;2;2
"仔細";4;2;2
"再創";10;6;16
"再度";4;6;2
"再來";4;2;2
"再添";4;2;2
"再注";3;3;2
"在於";4;2;2
"則較";3;2;2
"則再";4;2;2
"增發";3;2;2
"債務";4;5;7
"展開";4;4;7
"展望";3;2;5
"展訊";4;2;2
"展延";3;5;4
"張念";4;2;2
"張忠謀";3;2;10
"漲幅";3;4;5
"召開";5;22;27
"召委羅明";4;2;2
"兆豐";5;6;8
"兆頭";4;3;2
"兆元";9;11;11
"照明";3;2;2
"震盪";5;18;7
"整數";3;2;3
"整體";3;4;2
"證交所";6;2;4
"證券";3;12;16
"證所稅";3;2;2
"之後";5;4;15
"之際";4;3;5
"之間";6;7;4
"之遙";3;2;2
"支撐";5;6;2
"執行長";4;2;8
"指標";4;6;11
"指標股";4;4;2
"指期";14;32;50
"指數";20;49;57
"指紋";4;2;2
"智慧型";3;2;2
"製程";4;5;3
"製造商";4;2;2
"製造業";4;3;3
"中場";7;4;9
"中鋼構";4;3;4
"中國";8;27;31
"中國工商銀行";3;2;2
"中聯";4;5;3
"中砂";3;2;2
"中小";3;2;4
"中小企業";5;4;2
"中央銀行";3;2;3
"重回";4;2;2
"周邊";4;2;4
"周將";4;4;2
"周期";6;2;3
"周轉率";4;2;2
"朱立倫";3;2;2
"主軸";4;4;2
"專攻";3;2;2
"專家";6;7;8
"卓碧華";3;2;2
"資金";9;4;13
"字型";4;2;2
"總裁";3;2;2
"總統";3;2;2
"走勢";4;10;5
"族群";6;8;5
"尊為";3;2;2
"昨天";4;9;10
"作價";5;2;3
"作收";3;15;17
"作帳";4;4;5
"0.02";2;3;2
"0.07";2;3;2
"0.2";2;4;2
"0.5";2;4;2
"0.75";2;3;3
"0.8";2;3;2
"00";2;3;2
"006205";2;4;2
"01";2;4;2
"014";2;3;2
"031-8";2;3;2
"040";2;3;2
"053.2";2;3;2
"059";2;3;2
"06";2;4;2
"060";2;3;2
"075";2;4;2
"083210";2;4;2
"084488";2;4;2
"085.31";2;3;2
"086218";2;4;2
"1.";2;3;6
"1.03";2;3;7
"1.05";2;3;2
"1.1";2;8;9
"1.11";2;3;2
"1.13";2;4;2
"1.15";2;4;2
"1.2";2;4;6
"1.3";2;4;2
"1.39";2;4;2
"1.4";2;11;4
"1.42";2;3;2
"1.43";2;5;2
"1.48";2;3;4
"1.64";2;3;2
"1.65";2;4;2
"1.67";2;4;2
"1.68";2;4;2
"1.7";2;5;2
"1.72";2;4;2
"1.74";2;4;3
"1.77";2;4;2
"1.8";2;5;4
"1.87";2;4;2
"1.92";2;3;3
"1.97";2;4;2
"100.28";2;3;2
"10068";2;4;2
"108";2;4;2
"109";2;3;2
"109.8";2;4;2
"11.5";2;4;2
"110";2;4;2
"110.15";2;3;2
"110.41";2;3;2
"110.76";2;3;2
"111";2;3;2
"111.03";2;3;2
"112.76";2;3;2
"113.28";2;4;2
"114";2;3;2
"114.09";2;4;2
"115.40";2;4;2
"117.31";2;4;2
"1183";2;3;2
"12.6";2;4;2
"120";2;8;7
"1205";2;3;2
"121";2;3;4
"1216";2;4;2
"122.04";2;4;2
"122.21";2;3;2
"122578";2;4;2
"126";2;4;2
"13.23";2;4;2
"13.3";2;4;2
"13.5";2;3;2
"130";2;6;10
"130.6";2;3;2
"132";2;4;2
"134121";2;3;2
"135";2;3;2
"1360";2;3;2
"138";2;4;4
"139";2;3;4
"14.04";2;3;2
"14.2";2;5;2
"14.7";2;3;2
"14.85";2;4;2
"14.95";2;4;2
"140";2;4;10
"142.5";2;4;4
"144";2;4;2
"144.85";2;6;2
"144.91";2;4;2
"145";2;3;8
"145.5";2;4;2
"146.5";2;4;2
"147";2;4;4
"15.0";2;4;2
"15.7";2;5;2
"15.87";2;4;2
"152";2;4;3
"15297";2;4;2
"155";2;5;2
"155.1";2;3;2
"157";2;8;4
"159";2;3;2
"16.34";2;4;2
"162";2;3;2
"169";2;3;2
"17.2";2;3;3
"17.7";2;3;2
"17.71";2;3;2
"172";2;6;2
"172.22";2;4;2
"172.5";2;3;2
"173";2;4;2
"174.64";2;4;2
"1752";2;3;2
"1780";2;3;2
"179";2;3;2
"180.4";2;3;2
"1895";2;4;2
"190";2;3;2
"195";2;4;2
"2.";2;5;4
"2.18";2;4;2
"2.2";2;3;2
"2.28";2;4;2
"2.3";2;4;3
"2.37";2;4;2
"2.38";2;3;2
"2.4";2;4;3
"2.7";2;4;4
"2.72";2;3;2
"2.8";2;3;2
"2.86";2;3;2
"20.1";2;3;2
"2008";2;5;3
"2009";2;3;3
"201";2;4;2
"2017";2;3;2
"2025";2;4;2
"205";2;3;2
"207";2;4;2
"21";2;12;8
"21.1";2;3;2
"2100";2;4;2
"213";2;6;2
"214";2;4;2
"214.82";2;3;2
"215";2;4;2
"216.50";2;3;2
"217";2;3;2
"22.45";2;4;2
"22.82";2;4;2
"22.96";2;3;2
"220";2;4;2
"2210";2;4;6
"2220.3";2;4;6
"2225.21";2;4;4
"223";2;3;5
"2240";2;4;6
"225.48";2;4;2
"2260";2;4;2
"227";2;3;2
"228";2;4;5
"23.6";2;3;2
"2301";2;3;2
"2308";2;7;2
"2324";2;4;2
"2325";2;7;13
"2353";2;4;2
"2357";2;3;4
"236";2;3;4
"238";2;5;2
"2383";2;4;2
"24.7";2;3;2
"2408";2;3;2
"2412";2;4;5
"2464";2;4;2
"2498";2;4;3
"25.98";2;3;2
"250";2;3;9
"2511";2;4;2
"254";2;3;2
"26.01";2;3;2
"26.7";2;5;2
"2618";2;4;2
"262";2;3;2
"2633";2;4;2
"2634";2;3;2
"265";2;4;2
"270";2;3;2
"28.30";2;3;2
"28.73";2;4;2
"280";2;4;3
"285";2;3;2
"287";2;3;2
"2881";2;4;3
"2882";2;8;3
"292";2;4;2
"297";2;3;2
"3.0";2;3;2
"3.05";2;6;2
"3.2";2;3;2
"3.3";2;4;2
"3.5";2;4;11
"3.57";2;3;2
"3.64";2;8;2
"3.71";2;4;2
"3.77";2;4;2
"30.04";2;4;2
"30.6";2;4;2
"3010";2;4;2
"3017";2;4;2
"3034";2;3;2
"3093";2;4;2
"31.13";2;3;2
"31.69";2;3;2
"312";2;3;2
"3131";2;5;2
"3189";2;3;2
"32";2;9;6
"32.7";2;4;2
"3200";2;3;3
"326";2;3;3
"3265";2;4;2
"329.86";2;3;2
"33";2;5;2
"33.3";2;3;2
"336";2;3;2
"34.56";2;3;2
"3413";2;4;2
"3443";2;10;2
"346.5";2;3;2
"3481";2;4;8
"3498";2;4;2
"35";2;7;2
"35.97";2;4;2
"350";2;3;3
"3514";2;3;2
"3529";2;5;3
"3561";2;3;2
"36.5";2;3;2
"362";2;3;4
"3661";2;4;2
"3680";2;4;4
"369";2;3;3
"3693";2;4;2
"374.08";2;4;2
"376";2;4;2
"38.5";2;3;2
"38.8";2;3;3
"39";2;3;4
"39.3";2;3;2
"39.9";2;4;2
"3900";2;4;2
"393";2;3;2
"4.0";2;3;2
"4.03";2;3;2
"4.1";2;3;2
"4.17";2;4;2
"4.3";2;5;2
"4.51";2;4;2
"4.6";2;6;2
"4.8";2;4;3
"4.98";2;4;2
"40";2;5;6
"400.5";2;3;2
"402";2;3;2
"4174";2;4;2
"419";2;3;2
"43";2;4;2
"44";2;3;4
"45";2;5;7
"45.41";2;3;2
"45.6";2;4;2
"46";2;4;6
"47.30";2;3;2
"47.5";2;3;3
"477";2;3;2
"48.27";2;4;2
"48.5";2;3;4
"49.80";2;4;2
"4904";2;4;2
"4922";2;4;2
"4930";2;4;2
"4934";2;3;2
"4969";2;4;2
"4990";2;4;2
"5.07";2;3;2
"5.78";2;3;2
"50";2;9;13
"51";2;4;7
"524.23";2;4;2
"5245";2;4;2
"525";2;3;2
"5269";2;4;2
"5274";2;3;2
"53";2;3;2
"531";2;4;2
"5347";2;7;5
"5351";2;4;3
"5388";2;3;2
"5536";2;3;2
"556";2;4;2
"562";2;3;2
"571";2;3;2
"5754.65";2;3;2
"578";2;3;2
"58";2;5;4
"58.88";2;3;2
"583.85";2;3;2
"595";2;3;2
"6.1";2;3;2
"6.4";2;4;4
"6.44";2;4;4
"6.95";2;3;2
"60";2;8;8
"608.6";2;4;2
"61";2;6;2
"612";2;4;2
"617";2;3;2
"619";2;4;2
"6202";2;4;3
"6244";2;5;2
"626.5";2;4;4
"6269";2;3;2
"6282";2;3;2
"6286";2;3;2
"629";2;6;2
"63.48";2;4;2
"634.28";2;3;2
"638";2;4;2
"64";2;6;2
"6443";2;3;2
"65";2;4;3
"650";2;4;2
"650.7";2;3;2
"6510";2;4;2
"655";2;3;2
"660";2;4;2
"663";2;4;3
"67";2;3;2
"67.29";2;3;2
"675";2;3;2
"68.21";2;3;2
"69.93";2;4;2
"7.49";2;3;2
"7.66";2;4;2
"7.8";2;3;2
"70";2;3;5
"70.2";2;4;2
"701";2;3;2
"706.81";2;3;2
"707";2;4;2
"719.68";2;3;2
"7203.07";2;4;2
"724";2;3;2
"74.5";2;3;2
"75";2;3;3
"750";2;3;3
"756.7";2;3;2
"758";2;3;2
"76";2;4;2
"7719.63";2;3;2
"7786.92";2;3;2
"7800";2;4;2
"7812.23";2;3;2
"79";2;4;2
"7980.59";2;3;2
"7986.56";2;3;2
"8.23";2;3;2
"8.25";2;4;2
"8.4";2;4;2
"8.5";2;3;2
"80";2;6;5
"8000";2;6;6
"802";2;4;2
"802.11";2;4;2
"804";2;3;2
"8081";2;3;2
"809.5";2;3;2
"8091";2;3;3
"810";2;3;2
"811";2;3;2
"8115.89";2;3;2
"817.43";2;4;2
"8193.42";2;3;2
"82";2;3;2
"8200";2;3;2
"8213.42";2;3;2
"8226.07";2;3;2
"8259.99";2;3;2
"8283.38";2;3;2
"8285.43";2;3;2
"8286";2;3;2
"8286.84";2;3;2
"8300";2;10;4
"8307.04";2;3;2
"8315.7";2;3;2
"8335";2;3;2
"8335.67";2;3;2
"8365.92";2;3;2
"8393";2;3;2
"84";2;4;3
"842";2;3;2
"85";2;4;6
"8500";2;4;4
"8529.54";2;3;2
"8600";2;5;3
"8690";2;3;2
"8691";2;3;2
"87";2;6;4
"8700";2;3;2
"871";2;3;2
"871.2";2;5;4
"8745";2;3;2
"88";2;4;5
"8800";2;3;3
"8870";2;3;2
"89";2;3;3
"891";2;3;2
"8919";2;3;2
"9.2";2;6;2
"9.22";2;3;2
"9.5";2;3;2
"9.7";2;4;2
"9.84";2;4;2
"900";2;9;9
"9000";2;3;3
"9049";2;3;2
"9171";2;4;2
"9187";2;4;2
"9188";2;4;2
"919";2;4;2
"92.22";2;3;2
"9200";2;6;10
"9215.58";2;4;2
"9230";2;4;2
"9233";2;4;2
"9238";2;6;2
"9244";2;3;2
"9268";2;4;2
"930";2;4;4
"9300";2;10;5
"9308";2;3;2
"9319";2;4;2
"9325";2;3;2
"9338";2;8;2
"9340.13";2;3;2
"9348";2;4;2
"9368.43";2;3;2
"9369.51";2;4;2
"9386";2;4;2
"939";2;3;2
"9400";2;7;12
"9426";2;4;2
"943";2;3;2
"9436";2;4;2
"9454";2;4;2
"9456.18";2;4;2
"9466";2;4;2
"9472";2;4;2
"95";2;3;2
"954.52";2;3;2
"9570";2;4;2
"9571.97";2;4;2
"9574";2;4;2
"9598";2;4;2
"96";2;3;3
"9600";2;16;14
"9610";2;4;2
"9610.83";2;4;2
"9617.04";2;4;2
"9618";2;4;2
"9619";2;4;2
"9626";2;6;2
"9627";2;4;2
"9637";2;3;2
"9645.77";2;4;2
"9646.07";2;4;2
"9650";2;4;2
"9700";2;7;5
"971.35";2;4;2
"97159";2;4;2
"9730";2;4;2
"9758.0";2;4;2
"9759.96";2;4;2
"977.56";2;4;2
"9772";2;4;2
"978.25";2;4;2
"98";2;4;3
"9800";2;4;3
"983";2;3;2
"9859";2;4;4
"9900";2;4;2
"9904";2;3;2
"9916";2;4;2
"A72";2;6;2
"A9";2;14;16
"Adoption";2;4;2
"AFE";2;4;2
"All";2;4;2
"Allegro";2;3;2
"Amazon";2;3;2
"AMD";2;3;3
"And";2;4;2
"Applied";2;3;2
"ARM";2;6;2
"Armour";2;3;2
"ASIC";2;6;2
"ASML";2;3;4
"AV";2;3;2
"A股";2;4;4
"Behavior";2;4;2
"Beyond";2;4;2
"Big";2;4;2
"C1";2;4;2
"Cadence";2;4;2
"Call";2;10;6
"Carbon";2;3;2
"CCFA5";2;4;2
"CES";2;8;2
"Chipgate";2;3;2
"Conference";2;4;2
"CSR";2;3;6
"DAT";2;4;2
"Data";2;4;2
"Design";2;5;2
"DisplaySearch";2;3;2
"DJSI";2;3;2
"Dow";2;3;2
"DRAM";2;3;9
"E3";2;3;2
"eNVM";2;4;2
"EPS";2;9;7
"ETF";2;4;7
"EV";2;3;2
"FED";2;3;4
"FF";2;3;2
"FinFE";2;4;2
"Finfet";2;4;2
"FinFET";2;4;3
"FU";2;3;2
"Gartner";2;6;4
"GDP";2;8;7
"Google";2;4;2
"Group";2;3;2
"IEEE";2;5;2
"IEK";2;6;2
"IHS";2;4;2
"InFO";2;5;3
"Insights";2;6;2
"Intel";2;4;2
"Internal";2;3;2
"IoE";2;3;2
"IP";2;8;2
"iPhone6s";2;3;3
"ISP";2;4;2
"ITA";2;3;2
"JP";2;3;2
"jpp";2;3;2
"Leader";2;3;2
"LP";2;3;2
"Mall";2;3;2
"Mark";2;4;3
"Mart";2;3;2
"MCU";2;4;6
"Meal";2;3;2
"Medicine";2;3;2
"MIC";2;4;2
"Microsoft";2;3;2
"Mobius";2;4;2
"Morgan";2;3;2
"Movie";2;3;2
"ODM";2;3;2
"OEM";2;3;2
"OI";2;10;8
"OmniVision";2;5;2
"One";2;3;2
"Pay";2;4;2
"PC";2;9;7
"Plus";2;5;5
"PMI";2;6;5
"PMOLED";2;3;2
"Prices";2;3;2
"Put";2;10;8
"PV";2;3;2
"RSI";2;3;2
"SCARA";2;4;2
"SCM";2;3;2
"SEMICON";2;3;3
"SiP";2;3;2
"Synopsys";2;4;2
"Systems";2;3;2
"Taiwan";2;5;4
"Technology";2;4;2
"Ti";2;4;4
"TI";2;4;4
"TPK";2;3;7
"TrendForce";2;3;4
"TSIA";2;4;2
"TV";2;5;3
"UA";2;3;2
"USB3";2;6;2
"Vi";2;4;2
"VisERA";2;3;2
"VLSI";2;4;2
"Wal";2;3;2
"Win";2;3;2
"Windows";2;4;4
"WSTS";2;4;2
"Xbox";2;3;2
"Xilinx";2;4;2
"安謀";2;4;2
"澳門";2;3;2
"八個";2;3;2
"八降";2;3;2
"巴隆";2;6;5
"百點";2;3;4
"半年報";2;4;2
"半年線";2;7;10
"伴隨";2;4;4
"幫助";2;3;2
"保費";2;3;6
"保護";2;5;2
"保守";2;5;2
"保證金";2;3;2
"寶座";2;4;3
"報導";2;7;4
"報復性";2;4;3
"報佳音";2;3;4
"爆發";2;3;2
"悲觀";2;3;2
"北區";2;4;2
"本屆";2;3;2
"比爾斯";2;4;3
"比台";2;3;2
"比特";2;4;2
"避險";2;3;2
"變化";2;6;2
"變數";2;4;2
"標的";2;5;6
"並不";2;4;3
"並不弱";2;4;2
"並對";2;4;2
"並非";2;5;2
"並且";2;3;2
"並無";2;3;4
"並已";2;4;2
"波動";2;8;5
"補充";2;3;3
"不敵";2;6;2
"不斷";2;9;9
"不及";2;4;2
"不佳";2;4;2
"不佳台";2;4;2
"不佳下";2;4;2
"不僅";2;11;15
"不景氣";2;3;2
"不領情";2;3;2
"不論";2;5;3
"不強";2;4;2
"不太有";2;4;2
"不同之處";2;3;2
"不旺";2;3;6
"不鏽鋼";2;3;2
"不虞匱乏";2;3;2
"不著";2;4;2
"不墜";2;4;5
"布空";2;4;2
"布雷克";2;3;2
"部位";2;3;3
"財報";2;7;5
"財測";2;3;4
"財務";2;3;2
"採購";2;4;2
"採取";2;3;2
"採用";2;4;2
"參半";2;3;3
"參考";2;4;5
"慘跌";2;4;2
"操作";2;3;3
"側目";2;3;2
"測試";2;8;2
"曾銘宗為";2;4;2
"差額";2;3;2
"差異";2;3;2
"差轉";2;6;2
"產能";2;4;2
"產品";2;4;4
"產生";2;3;2
"產值";2;4;2
"長榮";2;4;2
"廠家";2;4;2
"廠致新";2;3;2
"暢旺";2;4;2
"超過";2;6;4
"超前";2;4;2
"超群";2;4;2
"超越";2;4;2
"沉積";2;4;2
"陳昱宏";2;4;5
"塵埃落定";2;3;2
"成分股";2;3;2
"成績";2;5;4
"成交";2;5;5
"成交額";2;4;2
"成數";2;3;2
"承壓";2;4;3
"持股";2;3;3
"充滿信心";2;6;2
"衝擊";2;3;2
"籌資";2;3;2
"出版";2;4;2
"出國";2;3;2
"出貨量";2;3;2
"出盡";2;4;6
"出口業";2;4;2
"出期招";2;3;2
"出書";2;4;2
"出脫";2;6;2
"初見";2;3;2
"處理器";2;5;4
"傳來";2;3;2
"傳統";2;8;3
"創近";2;4;2
"創投";2;4;2
"創證";2;3;2
"次世代";2;4;3
"從豪威";2;3;2
"促進";2;3;2
"促熱";2;3;2
"促銷";2;3;2
"存貨";2;3;2
"挫創";2;4;2
"打頭陣";2;4;2
"大單";2;5;4
"大跌";2;6;2
"大哥大";2;5;2
"大舉";2;6;8
"大軍";2;4;2
"大老";2;3;2
"大類";2;5;4
"大買";2;4;2
"大賣";2;3;2
"大升";2;4;4
"大體";2;3;2
"大中華區";2;4;2
"帶領";2;4;6
"單季";2;6;5
"單降";2;4;2
"單留";2;3;2
"單日";2;3;5
"單時";2;3;2
"單未";2;3;2
"單轉";2;4;4
"擔心";2;3;2
"但逢";2;4;2
"但港滬";2;4;2
"但台";2;9;6
"但須";2;4;2
"淡季";2;5;2
"導入";2;3;4
"到來";2;3;2
"到昨";2;4;2
"德盛";2;3;2
"等級";2;3;2
"低潮";2;3;2
"低檔";2;7;4
"低價";2;4;3
"低接";2;3;3
"低買高賣";2;4;2
"低盤";2;6;2
"敵聯";2;4;2
"地化";2;4;2
"地澆上";2;3;2
"第九天";2;3;2
"第三本";2;4;2
"第四季";2;4;6
"第一屆";2;3;2
"點間";2;4;2
"店頭";2;4;4
"電對";2;3;2
"電法";2;3;2
"電將";2;3;2
"電視";2;3;2
"電信";2;4;2
"電子展";2;4;2
"調查";2;6;2
"調高";2;3;2
"調升";2;3;2
"調整";2;3;5
"跌幅";2;13;3
"跌破";2;7;3
"跌勢";2;3;2
"定調";2;3;2
"董事會";2;3;2
"凍結資金";2;4;2
"動力";2;4;4
"棟樑";2;3;2
"獨弱";2;3;2
"短空";2;4;2
"短線";2;4;5
"堆疊";2;4;2
"對策";2;3;3
"對大立光";2;3;2
"對抗";2;4;3
"對內";2;3;2
"對證";2;3;2
"多持";2;3;2
"多處";2;3;2
"多達";2;4;2
"多點";2;5;4
"多家";2;4;3
"多空";2;9;16
"多空紛";2;3;3
"多項";2;3;2
"多於";2;4;4
"二極體";2;5;2
"二周";2;3;2
"發展";2;3;3
"繁城";2;3;2
"反彈力";2;3;3
"反觀";2;4;3
"反撲";2;3;3
"反壓";2;4;3
"反以";2;3;2
"方略";2;3;2
"非農";2;3;2
"分層";2;3;2
"分鐘";2;8;2
"份額";2;4;4
"奮力";2;4;2
"封測";2;4;8
"封測廠";2;5;5
"封裝";2;8;9
"副董事長";2;3;3
"副總";2;6;10
"副總裁";2;3;2
"副總經理";2;3;2
"富邦金";2;4;2
"富蘭克林";2;5;2
"感恩節";2;3;2
"剛創";2;4;2
"鋼構";2;3;2
"港建";2;4;2
"高檔";2;6;2
"高價股";2;4;4
"高科技";2;3;2
"高且";2;3;2
"高通";2;3;9
"各國";2;9;4
"各種";2;3;2
"個別";2;4;4
"個人電腦";2;5;2
"個位數";2;3;2
"個資";2;3;2
"跟進";2;3;2
"更將";2;4;2
"工廠";2;3;3
"工研院";2;6;2
"工業";2;7;4
"公會";2;3;2
"公開";2;4;3
"公司";2;6;5
"公債";2;3;3
"功虧一簣";2;3;2
"共計";2;6;3
"共識";2;4;2
"供不應求";2;3;2
"供給";2;4;2
"供應器";2;4;2
"供應商";2;3;4
"溝通";2;4;2
"估計";2;4;4
"股東";2;6;2
"股利";2;3;9
"股權";2;4;2
"觀察";2;3;2
"觀望";2;3;2
"冠軍";2;4;4
"光寶";2;3;2
"光電";2;11;6
"光法";2;3;4
"光及";2;3;3
"光急";2;3;2
"光今";2;3;2
"光盤";2;3;2
"光以";2;5;2
"光則";2;3;2
"光罩";2;3;2
"國華";2;3;2
"國際化";2;4;2
"國際貨幣基金";2;4;2
"國內外";2;8;6
"國慶";2;3;2
"國外";2;5;2
"國研院";2;4;2
"過熱";2;3;3
"喊話";2;4;5
"漢微科";2;4;11
"行情";2;4;2
"豪威";2;3;2
"好壞";2;4;2
"好轉";2;5;2
"合併案";2;3;2
"何麗梅昨";2;3;2
"和超微";2;3;2
"和緩";2;4;2
"和碩";2;9;6
"宏達";2;3;5
"宏碁";2;4;4
"後頭";2;4;2
"候選人";2;3;2
"護盤";2;3;4
"華航";2;4;2
"壞消息";2;4;4
"環境";2;3;4
"環球";2;4;2
"恢復";2;3;2
"揮發性";2;4;2
"回補台";2;4;2
"回挫";2;3;2
"回攻";2;3;2
"回流";2;3;2
"回神";2;5;6
"回頭";2;4;2
"回溫";2;5;8
"匯出";2;3;6
"匯集";2;6;2
"匯損";2;4;2
"會褐皮";2;4;2
"會前";2;4;2
"活潑";2;4;2
"或許";2;4;2
"獲獎";2;3;2
"基準日";2;3;2
"機構";2;4;2
"機器人";2;4;2
"及帆";2;3;2
"及股";2;3;2
"及海思";2;3;2
"及盟";2;4;2
"及物";2;3;4
"即攻";2;4;2
"即陷";2;4;2
"急跌";2;4;2
"急拉";2;3;2
"急如";2;3;2
"急殺";2;3;2
"藉由";2;5;4
"幾乎";2;3;4
"幾家愁";2;4;2
"幾家歡樂";2;4;2
"季報";2;3;2
"季後台";2;4;2
"季減";2;4;2
"季應";2;4;2
"紀錄";2;4;2
"績效";2;3;3
"加持";2;7;19
"加強";2;4;2
"加權";2;4;5
"佳及";2;3;2
"佳績";2;7;4
"家電";2;3;2
"架構";2;6;2
"價俱齊";2;4;2
"價內";2;4;6
"價平";2;8;4
"價外";2;8;4
"價值";2;5;6
"堅強";2;4;2
"減少";2;3;5
"建案";2;4;2
"建設";2;4;2
"建議";2;13;11
"健保";2;3;3
"將成";2;3;2
"將對";2;3;4
"將會";2;3;2
"將季增";2;3;2
"將視";2;3;2
"降價";2;3;2
"降稅";2;3;2
"交法";2;3;2
"交易";2;4;3
"交戰";2;3;4
"接單";2;3;4
"接手";2;3;2
"揭露";2;3;2
"介面";2;4;2
"介於";2;6;4
"屆時";2;3;2
"借券";2;4;2
"今逢";2;4;2
"今開";2;3;6
"今年以來";2;6;3
"今盤";2;4;4
"今審";2;3;2
"今收";2;11;4
"今亞股";2;4;2
"今以";2;3;2
"僅次於";2;3;2
"僅金";2;4;2
"僅能";2;3;2
"僅日股";2;3;2
"僅是";2;3;2
"僅應";2;3;2
"僅有";2;4;3
"儘管";2;9;17
"勁揚";2;5;12
"進場";2;3;6
"進入";2;6;3
"京鼎";2;4;2
"晶圓廠";2;3;2
"經濟部";2;3;2
"經院";2;4;2
"精材";2;8;11
"淨空";2;4;2
"九檔";2;4;2
"久違";2;3;2
"就告";2;3;2
"就業人口";2;3;2
"舉行";2;3;2
"具備";2;3;6
"俱樂部";2;4;6
"均令";2;3;2
"均線";2;13;12
"君悅";2;3;4
"卡關";2;3;2
"開高";2;5;7
"看法";2;3;4
"科技";2;3;9
"可逢";2;3;4
"可見";2;3;2
"可替";2;3;2
"可由弱";2;3;2
"客戶端";2;5;2
"空單";2;4;2
"空方";2;3;2
"空間";2;4;2
"恐僅";2;3;2
"控股";2;4;2
"控股公司";2;3;2
"口數";2;6;3
"匱乏";2;3;2
"擴產";2;3;2
"擴大";2;8;3
"拉長";2;4;2
"來回";2;4;4
"來台";2;4;4
"來襲";2;4;4
"勞動部";2;3;4
"了結";2;6;6
"累積";2;3;2
"累計";2;4;2
"類股";2;7;2
"冷靜";2;3;2
"李宗霖";2;3;5
"力拱台";2;4;2
"力挺";2;3;4
"立委";2;3;4
"利多";2;3;4
"利潤";2;4;2
"歷經";2;4;2
"歷史";2;7;8
"連續";2;4;4
"聯昌";2;3;2
"聯發";2;4;3
"兩岸";2;5;6
"兩岸三地";2;4;2
"兩成";2;4;6
"兩檔";2;3;6
"兩個";2;5;5
"兩季";2;3;2
"兩家";2;5;7
"兩款";2;3;2
"兩日";2;7;13
"兩位數";2;3;2
"兩者";2;4;2
"亮燈";2;4;4
"亮點";2;4;2
"亮麗";2;13;10
"量縮";2;3;2
"列印";2;4;2
"劣於";2;4;4
"零組件";2;3;2
"領先";2;3;2
"留意";2;4;2
"劉德音";2;4;6
"輪動";2;4;2
"論壇";2;5;5
"落實";2;4;2
"呂智穎";2;3;2
"旅仲";2;4;2
"履約";2;12;8
"買超";2;8;9
"買盤";2;4;4
"茂迪";2;3;2
"美光";2;3;2
"美元";2;3;2
"門檻";2;3;2
"盟立";2;5;2
"瀰漫";2;3;2
"秘密";2;3;2
"面板";2;3;2
"面臨";2;3;2
"民眾";2;4;4
"明天";2;5;2
"明顯";2;7;2
"摩根";2;4;4
"目標價";2;6;4
"南韓";2;5;5
"內含";2;3;2
"內建雙";2;4;2
"內容";2;6;4
"內外資";2;3;2
"年報";2;4;6
"年前";2;4;2
"年線";2;4;4
"年營";2;4;2
"年增";2;4;6
"年增率";2;5;10
"歐台";2;4;3
"盤前";2;4;2
"盤勢";2;5;2
"盤中";2;17;21
"拋股";2;3;2
"拋在";2;4;2
"偏多下";2;4;2
"偏空";2;8;6
"偏弱";2;7;5
"片門";2;3;2
"平和";2;4;2
"平穩";2;4;2
"評等";2;3;3
"期貨";2;17;23
"期交所";2;3;2
"期收";2;5;6
"期於";2;3;2
"期指";2;3;4
"其後";2;7;6
"企圖心";2;3;2
"企業法";2;3;2
"企業界";2;3;2
"氣氛";2;3;2
"千口";2;4;2
"千禧年";2;3;2
"千億";2;5;5
"千億元";2;6;8
"前進";2;4;2
"前驚見";2;3;2
"前兩天";2;4;2
"前三大";2;3;2
"前須";2;3;2
"前一晚";2;6;2
"嵌入式";2;4;2
"強大";2;3;2
"強勁";2;5;12
"強力";2;3;5
"強弱";2;3;4
"強勢股";2;3;2
"且量價";2;4;2
"侵蝕";2;3;2
"青睞";2;4;4
"清潔用品";2;3;2
"傾巢而出";2;3;2
"情緒";2;3;2
"區分";2;4;2
"區後的";2;3;2
"趨勢";2;4;2
"去年";2;4;6
"去年同期";2;4;4
"全開";2;3;3
"全面落實";2;3;2
"全球定位系統";2;3;2
"全體";2;5;3
"全曜";2;3;2
"權益";2;4;2
"權證";2;36;17
"券資";2;3;2
"缺電";2;3;2
"缺口";2;3;2
"確立";2;4;2
"熱鍋";2;3;2
"人民幣";2;9;5
"人氣";2;7;9
"人氣指標";2;4;2
"人員";2;3;2
"仁寶";2;4;2
"任務";2;4;2
"認購";2;6;2
"認售";2;3;3
"認為";2;4;7
"仍待";2;4;2
"仍會";2;4;2
"仍佳";2;3;2
"仍將";2;4;3
"仍強";2;4;2
"仍熱";2;3;2
"仍顯";2;3;2
"日股";2;4;2
"日起";2;3;4
"日前";2;3;2
"日系";2;3;2
"如弘塑";2;3;2
"如可成";2;4;3
"如日";2;3;2
"如台";2;4;2
"如願";2;3;2
"如中磊";2;3;2
"瑞銀";2;5;2
"弱勢";2;9;5
"賽靈思";2;4;2
"三檔";2;4;4
"三分鐘";2;4;2
"三個";2;5;8
"三項";2;6;2
"三星電子";2;6;6
"三雄";2;4;2
"三至";2;4;4
"散戶";2;4;4
"殺盤";2;3;2
"煞車";2;3;2
"商是";2;4;2
"商台驊";2;4;2
"上並";2;3;2
"上風";2;4;2
"上攻";2;4;2
"上盒";2;3;3
"上揚";2;4;15
"上周五";2;8;7
"少華";2;4;2
"少數";2;3;4
"社會";2;4;5
"設置";2;3;2
"申購";2;4;2
"什麼";2;4;2
"沈重";2;5;2
"升回";2;4;2
"升級";2;3;2
"升評";2;3;3
"生效日";2;3;2
"剩聯";2;4;2
"勝率";2;4;4
"失而復得";2;4;2
"失靈";2;5;2
"失守";2;4;2
"施振榮";2;4;2
"時而";2;3;2
"時間";2;4;2
"實質";2;4;2
"使合";2;3;2
"使具";2;3;2
"使力";2;3;2
"世芯";2;4;2
"市調";2;4;3
"似已";2;3;2
"事實上";2;3;5
"勢必";2;5;4
"勢力";2;4;2
"收黑";2;4;2
"首波";2;4;2
"受訪";2;3;2
"受美股";2;6;4
"受評";2;3;2
"受權";2;5;2
"受日";2;3;2
"受壓";2;4;2
"受阻於";2;4;2
"壽險";2;6;2
"殊榮";2;3;2
"數多";2;4;2
"數據";2;8;7
"稅後";2;10;5
"稅收";2;4;2
"思維";2;4;2
"四寶";2;4;4
"四寶等";2;3;2
"四聯";2;3;2
"塑膠";2;4;2
"隨即";2;3;2
"所稅";2;4;2
"他動";2;3;2
"他花";2;4;2
"她則";2;3;2
"台達電";2;5;2
"台德";2;3;2
"台肥";2;4;2
"台郡";2;4;2
"台塑";2;10;6
"台灣雙";2;3;2
"台灣台";2;4;2
"台灣須";2;4;2
"台系";2;3;4
"台新";2;3;6
"台指";2;4;9
"太子";2;4;2
"態度";2;5;2
"談判";2;3;2
"坦伯頓";2;4;2
"提案";2;3;2
"提升";2;3;2
"提問";2;3;2
"提早到";2;3;2
"天在";2;4;2
"停損";2;3;2
"同屬";2;4;3
"同樣";2;4;7
"同在今";2;3;2
"統一";2;4;3
"投信";2;4;2
"徒增";2;3;2
"團隊";2;9;2
"推高";2;4;2
"推升";2;3;4
"外電報導";2;5;2
"外銷";2;5;3
"外洩";2;3;3
"完畢";2;3;4
"萬份";2;3;2
"萬人";2;3;2
"萬餘口";2;4;4
"萬支";2;4;2
"王伯元";2;4;2
"王台";2;7;10
"網通";2;4;2
"威脅";2;3;2
"微軟";2;5;2
"微星";2;3;4
"唯泰";2;3;2
"惟僅";2;4;2
"惟量";2;4;2
"維持";2;4;4
"委員會";2;3;2
"位階";2;3;2
"問鼎";2;4;2
"我國";2;3;2
"無法";2;4;2
"五檔";2;4;2
"午盤";2;6;15
"矽格";2;3;2
"矽品";2;5;2
"系統";2;4;2
"匣及";2;3;2
"下跌";2;5;2
"下禁空";2;3;2
"下開";2;3;2
"下午";2;3;2
"下壓";2;4;2
"下一代";2;3;2
"先進";2;10;13
"現有";2;4;2
"相對";2;8;7
"向上";2;3;4
"消費";2;4;3
"小跌";2;4;2
"小股民";2;3;2
"小回";2;4;2
"協定";2;3;2
"協議";2;4;2
"鞋店";2;3;2
"鞋子";2;3;2
"謝明";2;4;2
"心態";2;4;3
"新低";2;4;3
"新年";2;4;2
"新書";2;4;2
"新台幣";2;3;3
"薪酬";2;3;2
"信貸";2;3;2
"信驊";2;3;2
"信心";2;3;3
"刑事責任";2;3;2
"型電腦";2;3;2
"型態";2;3;2
"修正";2;5;4
"虛擬實境";2;4;2
"喧騰";2;4;2
"削減";2;3;2
"學者";2;3;2
"尋寶";2;4;2
"壓低";2;9;4
"壓境";2;4;2
"壓制";2;3;2
"亞幣";2;4;2
"亞股昨";2;4;2
"亞馬遜";2;3;2
"亞系";2;6;6
"軋空";2;3;2
"延後";2;4;3
"延續";2;5;2
"研討會";2;4;2
"嚴防";2;3;2
"嚴格";2;4;2
"藥品";2;3;3
"也就是說";2;3;2
"也屬";2;4;2
"也須";2;4;2
"業績";2;7;4
"業者";2;4;4
"一步之遙";2;3;2
"一檔";2;3;4
"一點";2;3;2
"一度";2;9;14
"一個月";2;3;2
"一劑";2;3;2
"一口氣";2;5;13
"一連";2;3;2
"一掃";2;4;12
"一雙";2;3;2
"一枝獨秀";2;3;2
"依據";2;3;2
"依序";2;3;3
"醫療";2;3;2
"宜價量";2;4;2
"儀科";2;4;2
"已跌";2;4;2
"已近";2;4;2
"以創";2;4;2
"以晶圓";2;4;2
"以聯";2;3;2
"以偏";2;3;2
"以平";2;7;2
"以生技";2;4;4
"以台";2;3;3
"以台幣";2;4;2
"以拖待變";2;3;2
"以小";2;6;2
"以小紅";2;3;2
"亦可";2;4;2
"意願";2;5;2
"億急";2;4;2
"億美";2;4;2
"議題";2;3;2
"因台";2;5;3
"引發";2;4;5
"引進";2;3;2
"引領";2;7;2
"印表機";2;3;2
"盈餘";2;3;5
"營業";2;3;2
"應材";2;3;2
"永續";2;3;2
"憂慮";2;3;2
"優你康";2;4;2
"優勢";2;7;10
"優質";2;3;5
"油價";2;4;4
"遊戲機";2;3;2
"有差";2;3;2
"有時";2;4;2
"有台";2;3;2
"預估";2;5;5
"預算";2;3;2
"預約";2;4;2
"元大";2;5;4
"元到";2;3;2
"元調";2;6;2
"元富";2;6;3
"元晶";2;3;2
"元晶能";2;3;2
"元領";2;3;2
"元息值";2;3;2
"元下";2;4;2
"元至";2;4;4
"原估";2;4;4
"原則";2;3;5
"原子";2;4;2
"圓滿";2;3;2
"月台";2;7;7
"災後";2;3;2
"再次出現";2;3;2
"再破";2;4;2
"再現";2;5;2
"再小買";2;4;2
"再戰";2;6;2
"在後段";2;3;2
"在內";2;8;5
"在現";2;4;2
"早盤";2;4;8
"造景";2;3;2
"則將";2;6;2
"則經";2;3;2
"則開";2;3;2
"則是";2;5;6
"則以";2;4;2
"則在";2;4;4
"則漲";2;3;2
"責任";2;4;3
"增訂";2;3;2
"增加";2;3;2
"增強";2;6;3
"增為";2;4;2
"增溫";2;3;6
"債券";2;3;3
"展現";2;4;5
"嶄新";2;4;2
"佔營";2;4;2
"站上";2;3;4
"彰顯";2;3;2
"漲停";2;3;2
"爭奪戰";2;4;2
"整合型";2;3;2
"整理";2;3;2
"整體而言";2;3;4
"之賜";2;4;2
"之務";2;3;2
"之蟻";2;3;2
"支出";2;4;6
"支付";2;4;2
"值股";2;4;8
"值前";2;3;2
"值為";2;3;2
"執行";2;8;2
"指創";2;4;2
"指將";2;3;2
"至於";2;3;3
"治國";2;3;2
"治理";2;5;5
"智慧";2;6;3
"智晶";2;5;2
"製造";2;4;2
"中產階級";2;4;2
"中長期";2;3;2
"中東";2;4;2
"中國政府";2;3;2
"中華電信";2;6;4
"中箭落馬";2;5;2
"中磊";2;4;2
"中磊成";2;4;2
"中瑞信";2;3;2
"中實";2;3;2
"中油";2;3;2
"中則";2;4;2
"重挫";2;14;7
"重建";2;3;2
"周報";2;4;2
"周線";2;7;9
"周也將";2;4;2
"主辦";2;7;7
"主導";2;6;4
"主管機關";2;3;2
"主機板";2;4;2
"主計";2;4;5
"主計處";2;3;3
"主題";2;7;7
"資本";2;5;6
"資訊";2;3;2
"紫光";2;3;3
"自動化";2;4;2
"走低";2;4;3
"走跌";2;3;2
"最大";2;10;2
"最高";2;3;2
"最佳";2;4;2
"昨在";2;3;2
"左右台";2;5;2
"作為";2;3;7
"作業系統";2;4;2
"座談會";2;4;2
"做價";2;3;2
"做空";2;3;5
"做夢";2;4;2
"做帳";2;3;2
"0.1";2;2;4
"0.19";2;2;4
"0.36";2;2;3
"0.44";2;2;4
"0.52";2;2;4
"0.94";2;2;4
"0050";2;2;3
"00636";2;2;3
"019";2;2;3
"020";2;2;6
"032.44";2;2;3
"063";2;2;3
"080";2;2;3
"083346";2;2;4
"086219";2;2;4
"089";2;2;4
"1.01";2;2;3
"1.06";2;2;3
"1.12";2;2;3
"1.16";2;2;4
"1.20";2;2;4
"1.24";2;2;3
"1.26";2;2;4
"1.28";2;2;4
"1.38";2;2;5
"1.55";2;2;4
"1.6";2;2;5
"1.86";2;2;4
"1.88";2;2;3
"1.89";2;2;4
"10.18";2;2;4
"10.48";2;2;3
"1000";2;2;3
"1005.52";2;2;4
"101";2;2;3
"101.90";2;2;3
"1011";2;2;4
"103";2;2;4
"1038.27";2;2;3
"104.18";2;2;4
"105";2;2;3
"106";2;2;4
"1077.46";2;2;3
"11.3";2;2;3
"11.8";2;2;3
"1101";2;2;4
"1139";2;2;4
"1147";2;2;3
"115";2;2;4
"116";2;2;4
"116.81";2;2;4
"118";2;2;3
"1195";2;2;3
"12.4";2;2;4
"12.8";2;2;4
"125";2;2;3
"128";2;2;3
"128.34";2;2;4
"13.2";2;2;3
"13.9";2;2;4
"1300";2;2;4
"131";2;2;3
"1312";2;2;3
"1314";2;2;4
"1322";2;2;3
"1325";2;2;3
"1327";2;2;3
"133.5";2;2;3
"134";2;2;3
"136";2;2;3
"136.92";2;2;4
"137";2;2;4
"139.5";2;2;5
"14.5";2;2;4
"14.79";2;2;4
"141";2;2;4
"142";2;2;4
"143";2;2;3
"143.5";2;2;4
"148";2;2;12
"149";2;2;8
"15-20";2;2;4
"15.27";2;2;4
"15.4";2;2;5
"15.5";2;2;6
"15000";2;2;4
"151";2;2;4
"154";2;2;5
"154.5";2;2;6
"156";2;2;3
"1600";2;2;5
"163";2;2;6
"166";2;2;5
"167";2;2;3
"168";2;2;3
"17.73";2;2;3
"176";2;2;3
"176.56";2;2;3
"180";2;2;12
"18288.63";2;2;4
"185";2;2;3
"186";2;2;5
"189";2;2;3
"191";2;2;8
"192";2;2;3
"194.63";2;2;3
"2.058";2;2;3
"2.08";2;2;3
"2.1";2;2;4
"2.41";2;2;3
"2.44";2;2;3
"2.45";2;2;4
"2.53";2;2;3
"2.6";2;2;6
"2.76";2;2;3
"2.87";2;2;3
"2.97";2;2;4
"20.87";2;2;4
"2001";2;2;4
"2002";2;2;3
"2006";2;2;3
"2011";2;2;3
"2012";2;2;5
"2018";2;2;5
"202";2;2;3
"2020";2;2;3
"21.8";2;2;3
"22.4";2;2;3
"22.89";2;2;4
"224";2;2;4
"225";2;2;4
"23.03";2;2;4
"23.47";2;2;4
"230";2;2;3
"2300";2;2;4
"232";2;2;3
"2356";2;2;4
"237";2;2;4
"2382";2;2;3
"24.99";2;2;4
"2400";2;2;4
"2404";2;2;3
"2450";2;2;3
"25.20";2;2;4
"25.3";2;2;4
"258";2;2;3
"26.55";2;2;3
"2603";2;2;4
"261";2;2;3
"2639";2;2;4
"265.3";2;2;3
"2700";2;2;4
"276";2;2;3
"277";2;2;3
"278";2;2;4
"28.1";2;2;6
"2867";2;2;3
"2883";2;2;4
"2884";2;2;4
"29.05";2;2;4
"293.03";2;2;3
"298";2;2;4
"3.02";2;2;3
"3.28";2;2;3
"3.56";2;2;5
"3.6";2;2;3
"3.7";2;2;3
"3.75";2;2;4
"3.86";2;2;4
"3.91";2;2;3
"3.94";2;2;4
"3.99";2;2;4
"3000";2;2;3
"301";2;2;3
"3030";2;2;4
"3041";2;2;3
"305.22";2;2;3
"31.452";2;2;3
"3105";2;2;4
"3176";2;2;3
"32.621";2;2;3
"320";2;2;3
"3227";2;2;3
"328";2;2;3
"33.09";2;2;4
"33.25";2;2;4
"33.8";2;2;4
"330";2;2;3
"3300";2;2;4
"332";2;2;4
"335";2;2;3
"339";2;2;3
"34.09";2;2;4
"340";2;2;3
"3478";2;2;4
"35.66";2;2;4
"355";2;2;3
"3568";2;2;3
"3583";2;2;6
"363";2;2;3
"366";2;2;3
"3673";2;2;7
"3675.2";2;2;3
"37.14";2;2;3
"37.28";2;2;4
"3702";2;2;4
"3706";2;2;3
"373";2;2;3
"374";2;2;3
"377";2;2;3
"38";2;2;6
"38.97";2;2;3
"3870";2;2;6
"39.6";2;2;4
"390";2;2;4
"398.60";2;2;3
"4.32";2;2;3
"4.42";2;2;3
"4.7";2;2;5
"4.91";2;2;4
"405";2;2;4
"408.21";2;2;4
"4088";2;2;4
"414";2;2;4
"4152";2;2;3
"431";2;2;3
"434";2;2;3
"4352";2;2;4
"4370";2;2;4
"444";2;2;3
"447";2;2;3
"462";2;2;4
"466";2;2;3
"47.33";2;2;3
"47.37";2;2;3
"47.42";2;2;3
"477.2";2;2;3
"48.75";2;2;4
"480";2;2;3
"488";2;2;3
"49.3";2;2;4
"49.34";2;2;4
"49.7";2;2;4
"49.79";2;2;3
"495";2;2;3
"4966";2;2;3
"4968";2;2;3
"5.1";2;2;3
"5.3";2;2;4
"5.5";2;2;10
"5.6";2;2;3
"5.7";2;2;4
"50.2";2;2;4
"500-9";2;2;3
"5000";2;2;7
"52";2;2;4
"53.5";2;2;4
"53.9";2;2;4
"530";2;2;4
"5371";2;2;4
"54.3";2;2;4
"54.5";2;2;3
"54.79";2;2;3
"55";2;2;3
"550";2;2;4
"57.5";2;2;4
"579";2;2;4
"580";2;2;3
"590";2;2;3
"6.21";2;2;3
"6.52";2;2;6
"6.7";2;2;5
"6.79";2;2;3
"6.9";2;2;4
"606";2;2;3
"608";2;2;3
"6147";2;2;3
"615.15";2;2;3
"6196";2;2;4
"626.45";2;2;4
"628";2;2;6
"6399.79";2;2;3
"64.57";2;2;4
"6409";2;2;3
"641.6";2;2;4
"6414";2;2;3
"6488";2;2;3
"654";2;2;4
"659";2;2;3
"66";2;2;3
"668";2;2;3
"670.38";2;2;3
"68";2;2;4
"68.02";2;2;4
"68.4";2;2;3
"68.52";2;2;4
"697";2;2;4
"7-11";2;2;4
"7.2";2;2;4
"7.48";2;2;4
"7.61";2;2;3
"7.69";2;2;3
"7.97";2;2;3
"7000";2;2;7
"701.6";2;2;3
"706";2;2;3
"71";2;2;4
"710";2;2;3
"7107";2;2;6
"712";2;2;4
"716";2;2;4
"7203";2;2;3
"722.69";2;2;4
"73";2;2;4
"73.3";2;2;3
"74";2;2;5
"74.7";2;2;4
"750.92";2;2;3
"752.98";2;2;4
"753.3";2;2;3
"761";2;2;3
"766.45";2;2;4
"7675.64";2;2;3
"77";2;2;8
"770";2;2;4
"776";2;2;4
"7776";2;2;3
"779.99";2;2;3
"789.89";2;2;4
"7907.31";2;2;3
"793";2;2;3
"794.17";2;2;3
"794.92";2;2;3
"7961.15";2;2;3
"8.69";2;2;4
"8019";2;2;3
"802.86";2;2;3
"8029.81";2;2;3
"8035.29";2;2;3
"8086";2;2;3
"8123.";2;2;3
"8133";2;2;3
"8166.77";2;2;3
"817";2;2;3
"8181.2";2;2;3
"8213";2;2;4
"8217";2;2;3
"8272";2;2;3
"83";2;2;3
"8305.82";2;2;3
"8313.18";2;2;3
"8320";2;2;4
"8333.29";2;2;3
"8352.36";2;2;3
"8394.";2;2;3
"8399.71";2;2;3
"840";2;2;4
"8400";2;2;4
"841";2;2;3
"8442";2;2;3
"8446";2;2;4
"846";2;2;3
"8463";2;2;3
"8471";2;2;3
"84803";2;2;4
"8488";2;2;4
"8495.23";2;2;3
"851.51";2;2;3
"8586.22";2;2;3
"859";2;2;3
"864";2;2;3
"8643.21";2;2;4
"879.81";2;2;3
"882";2;2;3
"8864.17";2;2;3
"887";2;2;3
"890";2;2;4
"8936";2;2;3
"9010.71";2;2;3
"9045";2;2;4
"9048";2;2;6
"91.52";2;2;3
"910";2;2;4
"9100";2;2;6
"9115";2;2;4
"913";2;2;3
"914.";2;2;4
"9154";2;2;4
"9191";2;2;3
"9191.87";2;2;3
"9205.43";2;2;4
"9231.8";2;2;4
"9260";2;2;4
"9298";2;2;4
"932";2;2;3
"9352";2;2;4
"9358";2;2;3
"9394.47";2;2;4
"9433";2;2;4
"9462";2;2;4
"9470";2;2;6
"9488";2;2;4
"949";2;2;3
"9496.31";2;2;4
"9504.28";2;2;4
"9523";2;2;4
"9532";2;2;6
"9542";2;2;4
"9582";2;2;4
"9586.44";2;2;4
"9593";2;2;5
"9607";2;2;4
"961";2;2;3
"9628.06";2;2;4
"9629";2;2;3
"9638";2;2;4
"9642.95";2;2;4
"9656.87";2;2;4
"9696";2;2;3
"9775";2;2;4
"980";2;2;4
"9814.88";2;2;4
"982.22";2;2;4
"9838";2;2;4
"9845.04";2;2;4
"9886";2;2;4
"99.86";2;2;4
"990";2;2;3
"9920";2;2;4
"9961";2;2;4
"ADC";2;2;3
"AH";2;2;4
"Akira";2;2;3
"AN";2;2;4
"Andr";2;2;4
"App";2;2;3
"B9";2;2;4
"Biosimilar";2;2;3
"Bloomberg";2;2;3
"Brean";2;2;3
"Broadcom";2;2;4
"CDMO";2;2;3
"China";2;2;3
"CIS";2;2;4
"CMoney";2;2;4
"CMOS";2;2;4
"code";2;2;4
"Core";2;2;4
"CPI";2;2;4
"CPL";2;2;4
"CPU";2;2;3
"DAX";2;2;3
"DCB";2;2;4
"EICC";2;2;4
"EMS";2;2;4
"Galaxy";2;2;4
"Gionee";2;2;3
"Gokul";2;2;4
"GPU";2;2;3
"GRID";2;2;3
"Hariharan";2;2;4
"HGDI";2;2;3
"high";2;2;4
"IDC";2;2;3
"IMF";2;2;3
"ING";2;2;4
"Investor";2;2;4
"InVisage";2;2;3
"iPhon";2;2;3
"iPhones";2;2;3
"iWatch";2;2;4
"Janet";2;2;3
"JPX";2;2;3
"KIYOTA";2;2;3
"LCOS";2;2;4
"LG";2;2;4
"MACD";2;2;3
"Made";2;2;3
"Maybank";2;2;4
"MERS";2;2;3
"Mobil";2;2;4
"NASDAQ";2;2;4
"NFC";2;2;4
"NVIDIA";2;2;3
"NXE";2;2;4
"NYF";2;2;3
"OTC";2;2;6
"Pascal";2;2;3
"PE";2;2;4
"Pro";2;2;4
"Q3";2;2;3
"QE2";2;2;3
"Quantum";2;2;3
"ratio";2;2;3
"Ratio";2;2;5
"Relations";2;2;4
"RF";2;2;3
"SIGMU";2;2;4
"SLO";2;2;3
"Surface";2;2;4
"TPI";2;2;4
"VMwo";2;2;3
"WLO";2;2;4
"Yellen";2;2;3
"young";2;2;4
"奧援";2;2;4
"八大";2;2;3
"巴魯";2;2;3
"半導";2;2;5
"半數";2;2;4
"幫忙";2;2;3
"保證";2;2;3
"報酬率";2;2;3
"報價";2;2;3
"報名";2;2;4
"暴動";2;2;4
"爆出";2;2;4
"北東";2;2;3
"備貨";2;2;3
"本土";2;2;3
"本益比";2;2;3
"比較";2;2;4
"必須";2;2;3
"壁上觀";2;2;3
"標準";2;2;3
"並成";2;2;3
"並調";2;2;5
"並給";2;2;3
"並回測";2;2;4
"並將";2;2;4
"並較";2;2;3
"並可採";2;2;3
"並留";2;2;4
"並上";2;2;3
"並下";2;2;3
"並要";2;2;3
"並有";2;2;4
"並與台";2;2;3
"並在";2;2;3
"波段";2;2;3
"博鰲";2;2;3
"不動產";2;2;3
"不確";2;2;3
"不讓";2;2;4
"不實";2;2;3
"不太高";2;2;3
"不遺餘力";2;2;4
"不願";2;2;3
"不彰";2;2;4
"布多單";2;2;3
"擦鞋童";2;2;3
"財長";2;2;4
"蔡雄";2;2;3
"參訪";2;2;4
"參股";2;2;3
"參加";2;2;7
"參考價";2;2;3
"慘綠下";2;2;3
"倉到";2;2;4
"層面";2;2;4
"常態";2;2;6
"廠房";2;2;4
"廠牌";2;2;3
"唱旺";2;2;3
"超級";2;2;3
"超微";2;2;3
"成長率";2;2;4
"成長性";2;2;3
"成績單";2;2;4
"誠信";2;2;3
"持穩";2;2;3
"衝上";2;2;3
"出型";2;2;3
"除權";2;2;3
"儲祥生";2;2;3
"傳產股";2;2;4
"傳捷報";2;2;5
"傳統產業";2;2;3
"創本";2;2;3
"創編";2;2;3
"創櫃";2;2;3
"創紀錄";2;2;4
"創造";2;2;3
"吹響";2;2;3
"慈濟";2;2;4
"次高";2;2;4
"促美";2;2;3
"催化劑";2;2;3
"挫低";2;2;5
"打敗";2;2;3
"打群架";2;2;4
"大吹";2;2;4
"大飯店";2;2;5
"大豐收";2;2;4
"大開殺戒";2;2;3
"大媽";2;2;3
"大權";2;2;4
"大手筆";2;2;3
"大台";2;2;3
"大通";2;2;4
"大為";2;2;4
"帶隊";2;2;4
"帶量";2;2;4
"帶頭";2;2;4
"帶旺";2;2;3
"單純";2;2;4
"單會";2;2;3
"單及";2;2;3
"單賣";2;2;4
"單說";2;2;3
"但鴻海";2;2;3
"但僅";2;2;3
"但據";2;2;3
"但昨";2;2;4
"彈升";2;2;4
"倒吃甘蔗";2;2;4
"導至";2;2;4
"到場";2;2;5
"到立";2;2;4
"道瓊";2;2;4
"德拉吉";2;2;3
"德意志";2;2;3
"登上";2;2;4
"低部";2;2;3
"低潮期";2;2;3
"低階";2;2;4
"低利";2;2;4
"低率";2;2;3
"底向上";2;2;3
"地區";2;2;3
"地震";2;2;4
"第三季";2;2;3
"點的";2;2;3
"點有";2;2;4
"墊高";2;2;4
"動工";2;2;6
"動台";2;2;4
"動用";2;2;3
"動員";2;2;3
"度過";2;2;3
"兌換";2;2;4
"對此";2;2;4
"對漢";2;2;4
"對期";2;2;5
"對以";2;2;4
"對峙";2;2;4
"對著";2;2;4
"多表";2;2;3
"多場";2;2;4
"多方";2;2;3
"多角化";2;2;4
"多來";2;2;4
"多落";2;2;4
"多時";2;2;4
"俄羅斯";2;2;3
"二版";2;2;3
"二個";2;2;3
"二合一";2;2;4
"二件";2;2;3
"二位數";2;2;3
"發放";2;2;4
"發行";2;2;3
"發燒";2;2;4
"翻紅";2;2;9
"房地產";2;2;3
"放寬";2;2;3
"分發";2;2;3
"分區";2;2;4
"分署";2;2;4
"紛紛";2;2;4
"風險";2;2;4
"服務";2;2;3
"副理";2;2;4
"感測器";2;2;5
"感謝";2;2;3
"港股";2;2;5
"槓桿";2;2;4
"高價";2;2;4
"高盛";2;2;3
"各式各樣";2;2;4
"個人資料";2;2;4
"給予";2;2;3
"更應";2;2;3
"攻擊";2;2;3
"攻堅";2;2;5
"共同市場";2;2;3
"供貨";2;2;3
"供料";2;2;3
"購買";2;2;3
"估漢";2;2;4
"估台";2;2;3
"股票";2;2;3
"股期";2;2;4
"股王";2;2;5
"掛牌";2;2;4
"關卡";2;2;5
"關係";2;2;4
"觀光";2;2;4
"冠華";2;2;4
"光台";2;2;3
"光續";2;2;3
"光昨";2;2;3
"廣達";2;2;3
"廣大";2;2;3
"櫃買";2;2;7
"國產";2;2;4
"國際法";2;2;4
"國家隊";2;2;3
"國民經濟";2;2;3
"國喬";2;2;3
"國營企業";2;2;4
"果粉";2;2;3
"還是";2;2;4
"喊進";2;2;4
"漢微";2;2;3
"行庫";2;2;3
"合乎";2;2;4
"何麗梅";2;2;3
"和物";2;2;4
"亨德森";2;2;3
"宏捷科";2;2;3
"宏圖";2;2;4
"紅盤";2;2;7
"紅色";2;2;3
"侯明";2;2;4
"后漢";2;2;3
"後續";2;2;6
"呼應";2;2;4
"華泰";2;2;4
"華為";2;2;3
"輝達";2;2;3
"回歸台";2;2;3
"回季線";2;2;3
"回籠";2;2;5
"回揚";2;2;4
"匯率";2;2;5
"匯銀";2;2;3
"慧洋";2;2;3
"繪圖";2;2;3
"基亞";2;2;3
"基於";2;2;4
"機率";2;2;4
"機制";2;2;3
"激勵";2;2;7
"激烈";2;2;3
"及晶圓級";2;2;4
"及陸";2;2;4
"及美";2;2;3
"及微";2;2;4
"及證";2;2;3
"即以";2;2;3
"集中";2;2;3
"幾檔";2;2;4
"幾家";2;2;3
"幾天";2;2;4
"擠進";2;2;4
"季初";2;2;3
"季法";2;2;3
"季共";2;2;3
"季及";2;2;3
"季將";2;2;4
"季為";2;2;3
"季增";2;2;6
"季中";2;2;3
"加緊腳步";2;2;4
"加遽";2;2;3
"加薪";2;2;4
"家創";2;2;3
"夾擊";2;2;3
"假期";2;2;3
"價平到";2;2;4
"價齊揚";2;2;9
"價穩";2;2;3
"價漲量";2;2;4
"價值觀";2;2;3
"兼備";2;2;3
"堅定";2;2;4
"堅守";2;2;3
"監獄";2;2;4
"姜洋";2;2;6
"將屆";2;2;4
"將近";2;2;3
"將啟";2;2;4
"將台灣";2;2;3
"將先";2;2;4
"將有助";2;2;4
"將於";2;2;8
"將與";2;2;4
"降至";2;2;3
"降準";2;2;4
"交迫";2;2;4
"交易日";2;2;3
"交易稅";2;2;3
"交易員";2;2;3
"交由";2;2;4
"較大";2;2;3
"接連";2;2;4
"接下來";2;2;5
"接著傳";2;2;4
"介則";2;2;3
"今大漲";2;2;4
"今年";2;2;7
"今台";2;2;3
"金鼎";2;2;6
"僅略增";2;2;4
"僅穩守";2;2;4
"僅一海";2;2;3
"僅以";2;2;4
"僅由";2;2;3
"僅約";2;2;3
"僅漲";2;2;4
"淨利";2;2;3
"淨值";2;2;3
"競爭力";2;2;4
"九點";2;2;4
"九六";2;2;4
"巨頭";2;2;5
"捐錢";2;2;3
"捐血";2;2;3
"崛起";2;2;3
"開始";2;2;6
"抗體";2;2;3
"科第";2;2;4
"可將";2;2;3
"可偏";2;2;3
"可說是";2;2;4
"可望";2;2;9
"空大";2;2;3
"扣除";2;2;3
"扣抵";2;2;8
"庫藏";2;2;3
"跨國";2;2;3
"困派";2;2;4
"擴及";2;2;4
"擴增";2;2;4
"來勢洶洶";2;2;3
"勞動力";2;2;4
"力衝";2;2;4
"力抗";2;2;3
"力圖";2;2;3
"立積";2;2;3
"立凱";2;2;4
"立院";2;2;3
"聯盟";2;2;4
"兩倍";2;2;5
"兩波";2;2;3
"兩次";2;2;3
"兩年";2;2;5
"兩強";2;2;3
"兩稅";2;2;8
"兩樣";2;2;3
"兩隻";2;2;4
"亮眼";2;2;3
"廖繼弘";2;2;4
"列兆元";2;2;6
"林文伯昨";2;2;3
"凌駕";2;2;4
"凌厲";2;2;5
"凌陽";2;2;3
"另據";2;2;3
"劉華仁";2;2;4
"劉泰英";2;2;3
"六個";2;2;3
"陸股";2;2;6
"倫理";2;2;3
"買權";2;2;4
"賣超";2;2;4
"賣權";2;2;4
"悶氣";2;2;4
"勉強";2;2;4
"描繪";2;2;4
"名副其實";2;2;4
"命運";2;2;3
"摩台";2;2;4
"母公司";2;2;3
"目標";2;2;3
"南電";2;2;4
"南山人壽";2;2;3
"內外";2;2;4
"內需";2;2;3
"內因";2;2;3
"內憂外患";2;2;4
"年減";2;2;4
"年鑑";2;2;3
"廿八日";2;2;3
"扭轉";2;2;3
"農曆年";2;2;4
"歐元區";2;2;4
"拋出";2;2;4
"配發";2;2;4
"平的";2;2;4
"平低";2;2;4
"屏東";2;2;4
"普立茲";2;2;4
"期貨市場";2;2;6
"期正";2;2;4
"其實";2;2;5
"奇景";2;2;4
"頎邦";2;2;3
"企業倫理";2;2;4
"企在";2;2;3
"起伏";2;2;3
"啟動下";2;2;3
"前低";2;2;3
"前後";2;2;6
"前拉";2;2;3
"前拉貨";2;2;3
"前十";2;2;4
"強彈";2;2;5
"強化";2;2;4
"強制";2;2;4
"搶先";2;2;3
"敲進";2;2;4
"切入點";2;2;3
"勤業";2;2;4
"清明";2;2;4
"情勢";2;2;4
"區落";2;2;3
"去化";2;2;4
"去了";2;2;6
"圈給";2;2;3
"全場";2;2;6
"全台";2;2;4
"全線";2;2;7
"卻大減";2;2;3
"群益";2;2;6
"人數";2;2;4
"人選";2;2;3
"仍布";2;2;3
"仍舊";2;2;4
"仍難";2;2;3
"仍盛";2;2;3
"仍為";2;2;4
"仍須";2;2;4
"仍重";2;2;3
"日本";2;2;3
"日韓";2;2;3
"日經指數";2;2;4
"融資";2;2;4
"如德律";2;2;4
"如股";2;2;3
"如義隆";2;2;4
"茹素";2;2;4
"入袋";2;2;4
"入股";2;2;3
"入帳";2;2;3
"瑞信";2;2;3
"三讀";2;2;3
"三降";2;2;3
"三強";2;2;3
"三商壽";2;2;3
"三溫暖";2;2;4
"商漢";2;2;4
"商品價格";2;2;3
"商譽";2;2;3
"上半年";2;2;3
"上衝";2;2;4
"上除";2;2;4
"上季";2;2;4
"上市公司";2;2;4
"上萬口";2;2;3
"上午";2;2;4
"上修";2;2;4
"上影線";2;2;6
"上月";2;2;3
"上證";2;2;3
"審慎";2;2;3
"審視";2;2;4
"升近";2;2;4
"升破";2;2;4
"升勢";2;2;4
"笙泉";2;2;8
"失土";2;2;5
"十幾個";2;2;3
"十字線";2;2;3
"時代";2;2;5
"時至今日";2;2;4
"實戶";2;2;3
"實施";2;2;3
"始終";2;2;3
"士氣";2;2;4
"世界";2;2;3
"世銀";2;2;3
"事蹟";2;2;3
"事務所";2;2;6
"事業";2;2;4
"勢如破竹";2;2;3
"釋出";2;2;6
"收創";2;2;4
"收復";2;2;5
"收高";2;2;3
"收斂";2;2;8
"收受";2;2;3
"收小紅";2;2;3
"守穩";2;2;4
"受歐";2;2;4
"受傷害";2;2;4
"受委";2;2;3
"壽山";2;2;3
"書中";2;2;4
"數度";2;2;4
"數字";2;2;4
"衰退";2;2;5
"雙雙";2;2;4
"雙雄";2;2;4
"順利";2;2;3
"四顆";2;2;3
"縮至";2;2;4
"所長";2;2;4
"他國";2;2;3
"台港";2;2;3
"台積今";2;2;4
"台晶圓";2;2;3
"台勝科";2;2;4
"台灣將";2;2;3
"台灣要";2;2;4
"台子";2;2;3
"湯馬斯";2;2;4
"提振";2;2;3
"天價";2;2;4
"天數";2;2;9
"填補";2;2;3
"填權";2;2;3
"填息";2;2;3
"條款";2;2;3
"停券";2;2;4
"挺過";2;2;4
"同步";2;2;3
"同受";2;2;3
"同樂";2;2;4
"投機";2;2;3
"投入";2;2;3
"投資氣氛";2;2;4
"投資信託";2;2;3
"投資者";2;2;3
"突遇";2;2;3
"推廣";2;2;3
"外代";2;2;3
"外銀";2;2;3
"外債";2;2;4
"王建民";2;2;4
"往例";2;2;3
"微科";2;2;5
"為例";2;2;3
"唯獨";2;2;3
"唯一";2;2;4
"惟老";2;2;3
"委託";2;2;3
"委員";2;2;4
"位於";2;2;4
"位元";2;2;4
"文創類";2;2;4
"文清";2;2;4
"穩定";2;2;4
"問世";2;2;3
"五哥";2;2;6
"務實";2;2;3
"吸睛股";2;2;4
"希臘人";2;2;4
"矽統";2;2;4
"息率";2;2;3
"喜傳";2;2;3
"戲碼";2;2;3
"下波";2;2;4
"下車";2;2;4
"下成";2;2;4
"下挫";2;2;3
"下大漲";2;2;3
"先跌後漲";2;2;4
"相同";2;2;4
"蕭萬長";2;2;3
"小說";2;2;3
"小台";2;2;3
"協虞逸真";2;2;4
"挾著";2;2;4
"心聲";2;2;3
"辛耘";2;2;4
"欣興";2;2;4
"新高峰";2;2;4
"新聞獎";2;2;4
"信賴";2;2;4
"星期四";2;2;3
"幸台";2;2;4
"幸在";2;2;4
"兇猛";2;2;6
"修台灣";2;2;5
"宣稱";2;2;3
"宣戰";2;2;3
"選舉";2;2;3
"尋求";2;2;4
"壓過";2;2;4
"壓抑";2;2;5
"亞股日";2;2;3
"亞股續";2;2;5
"亞太經濟";2;2;4
"亞洲地區";2;2;3
"亞洲各國";2;2;3
"延長";2;2;4
"研發";2;2;3
"儼然";2;2;4
"厭煩";2;2;3
"揚升";2;2;5
"野村";2;2;7
"業務";2;2;4
"一段時間";2;2;3
"一對一";2;2;4
"一路下";2;2;5
"一碼";2;2;4
"一陣子";2;2;3
"依賴";2;2;3
"疑慮";2;2;4
"已近尾聲";2;2;3
"已散";2;2;4
"以大漲";2;2;4
"以軍";2;2;3
"以離逸";2;2;3
"以內";2;2;4
"以中紅";2;2;3
"億台幣";2;2;5
"億套";2;2;3
"億天量";2;2;4
"億支";2;2;5
"億至";2;2;4
"因獲";2;2;4
"因美";2;2;3
"因未";2;2;4
"因應";2;2;4
"螢幕";2;2;3
"影像";2;2;3
"硬體";2;2;4
"應該";2;2;3
"應會";2;2;3
"應用";2;2;3
"永豐";2;2;3
"用水";2;2;4
"由原";2;2;3
"友邦保險";2;2;3
"有三大";2;2;4
"喻為";2;2;3
"愈來愈";2;2;4
"愈來愈多";2;2;4
"元大金";2;2;4
"元旦假期";2;2;4
"元關";2;2;4
"元間";2;2;3
"元件";2;2;4
"元收";2;2;4
"元宵節";2;2;3
"元有";2;2;3
"元月";2;2;6
"元作收";2;2;5
"原來";2;2;9
"原相";2;2;3
"原油價格";2;2;4
"員工";2;2;6
"圓夢";2;2;4
"月減";2;2;4
"載板";2;2;4
"再告";2;2;3
"再漲";2;2;3
"在鴻海";2;2;3
"在量";2;2;4
"在期";2;2;4
"在擇";2;2;3
"則不太";2;2;3
"則連";2;2;3
"則偏";2;2;3
"則啟";2;2;3
"則升評";2;2;3
"則屬";2;2;4
"則宜";2;2;3
"增列";2;2;3
"增資";2;2;4
"斬獲";2;2;4
"占據";2;2;3
"佔領";2;2;4
"張明輝";2;2;4
"張仁芳";2;2;3
"張忠謀將";2;2;3
"漲近";2;2;4
"漲勢";2;2;7
"漲停板";2;2;4
"帳戶";2;2;3
"昭燕以";2;2;3
"這波";2;2;4
"整篇";2;2;3
"整月";2;2;4
"整周";2;2;4
"之譜";2;2;4
"之上";2;2;3
"值均";2;2;4
"指期昨";2;2;4
"中長線";2;2;3
"中斷";2;2;3
"中多";2;2;4
"中發";2;2;3
"中鋼";2;2;3
"中國建設銀行";2;2;3
"中國人民銀行";2;2;4
"中華經濟";2;2;3
"中經";2;2;3
"中盤";2;2;3
"中秋節";2;2;3
"中石化";2;2;4
"中小型";2;2;4
"中性";2;2;3
"中亞";2;2;4
"中央處理器";2;2;5
"中以";2;2;6
"終場";2;2;4
"周內";2;2;3
"周前";2;2;3
"周文重";2;2;3
"周五";2;2;4
"周線連";2;2;3
"助台幣";2;2;3
"助陣";2;2;4
"專認";2;2;4
"專業";2;2;4
"狀況";2;2;3
"准許";2;2;4
"資料";2;2;3
"自主";2;2;3
"字詞";2;2;3
"走高";2;2;4
"走弱";2;2;3
"最慘";2;2;4
"最高點";2;2;4
"最夯";2;2;4
"最強";2;2;3
"最熱";2;2;4
"最優";2;2;3
"作多";2;2;7
"作夢";2;2;4
"作者";2;2;3
"坐鎮";2;2;4
